00000000
00000000
00000000
00000000
00000000
00000000
00000000
00000000
00000000
00000000
00000000
00000000
00000000
00000000
00000000
00000000
00000000
00000000
00000000
00000000
00000000
00000000
00000000
00000000
00000000
00000000
00000000
00000000
00000000
00000000
00000000
00000000
00000000
00000000
00000000
00000000
00000000
00000000
00000000
00000000
00000000
00000001
00000001
00000001
00000001
00000001
00000001
00000001
00000001
00000001
00000001
00000001
00000001
00000001
00000001
00000001
00000001
00000001
00000001
00000001
00000001
00000001
00000001
00000001
00000001
00000001
00000001
00000001
00000001
00000001
00000001
00000010
00000010
00000010
00000010
00000010
00000010
00000010
00000010
00000010
00000010
00000010
00000010
00000010
00000010
00000010
00000010
00000010
00000010
00000010
00000010
00000010
00000011
00000011
00000011
00000011
00000011
00000011
00000011
00000011
00000011
00000011
00000011
00000011
00000011
00000011
00000011
00000011
00000011
00000100
00000100
00000100
00000100
00000100
00000100
00000100
00000100
00000100
00000100
00000100
00000100
00000100
00000100
00000101
00000101
00000101
00000101
00000101
00000101
00000101
00000101
00000101
00000101
00000101
00000101
00000101
00000101
00000110
00000110
00000110
00000110
00000110
00000110
00000110
00000110
00000110
00000110
00000110
00000110
00000111
00000111
00000111
00000111
00000111
00000111
00000111
00000111
00000111
00000111
00000111
00001000
00001000
00001000
00001000
00001000
00001000
00001000
00001000
00001000
00001000
00001001
00001001
00001001
00001001
00001001
00001001
00001001
00001001
00001001
00001001
00001010
00001010
00001010
00001010
00001010
00001010
00001010
00001010
00001010
00001010
00001011
00001011
00001011
00001011
00001011
00001011
00001011
00001011
00001011
00001100
00001100
00001100
00001100
00001100
00001100
00001100
00001100
00001100
00001101
00001101
00001101
00001101
00001101
00001101
00001101
00001101
00001110
00001110
00001110
00001110
00001110
00001110
00001110
00001110
00001111
00001111
00001111
00001111
00001111
00001111
00001111
00001111
00010000
00010000
00010000
00010000
00010000
00010000
00010000
00010000
00010001
00010001
00010001
00010001
00010001
00010001
00010001
00010010
00010010
00010010
00010010
00010010
00010010
00010010
00010010
00010011
00010011
00010011
00010011
00010011
00010011
00010011
00010100
00010100
00010100
00010100
00010100
00010100
00010100
00010101
00010101
00010101
00010101
00010101
00010101
00010101
00010110
00010110
00010110
00010110
00010110
00010110
00010111
00010111
00010111
00010111
00010111
00010111
00010111
00011000
00011000
00011000
00011000
00011000
00011000
00011000
00011001
00011001
00011001
00011001
00011001
00011001
00011010
00011010
00011010
00011010
00011010
00011010
00011011
00011011
00011011
00011011
00011011
00011011
00011011
00011100
00011100
00011100
00011100
00011100
00011100
00011101
00011101
00011101
00011101
00011101
00011101
00011110
00011110
00011110
00011110
00011110
00011110
00011111
00011111
00011111
00011111
00011111
00011111
00100000
00100000
00100000
00100000
00100000
00100000
00100001
00100001
00100001
00100001
00100001
00100010
00100010
00100010
00100010
00100010
00100010
00100011
00100011
00100011
00100011
00100011
00100011
00100100
00100100
00100100
00100100
00100100
00100100
00100101
00100101
00100101
00100101
00100101
00100110
00100110
00100110
00100110
00100110
00100110
00100111
00100111
00100111
00100111
00100111
00101000
00101000
00101000
00101000
00101000
00101000
00101001
00101001
00101001
00101001
00101001
00101010
00101010
00101010
00101010
00101010
00101010
00101011
00101011
00101011
00101011
00101011
00101100
00101100
00101100
00101100
00101100
00101101
00101101
00101101
00101101
00101101
00101101
00101110
00101110
00101110
00101110
00101110
00101111
00101111
00101111
00101111
00101111
00110000
00110000
00110000
00110000
00110000
00110000
00110001
00110001
00110001
00110001
00110001
00110010
00110010
00110010
00110010
00110010
00110011
00110011
00110011
00110011
00110011
00110100
00110100
00110100
00110100
00110100
00110101
00110101
00110101
00110101
00110101
00110101
00110110
00110110
00110110
00110110
00110110
00110111
00110111
00110111
00110111
00110111
00111000
00111000
00111000
00111000
00111000
00111001
00111001
00111001
00111001
00111001
00111010
00111010
00111010
00111010
00111010
00111011
00111011
00111011
00111011
00111011
00111100
00111100
00111100
00111100
00111100
00111101
00111101
00111101
00111101
00111101
00111101
00111110
00111110
00111110
00111110
00111110
00111111
00111111
00111111
00111111
00111111
01000000
01000000
01000000
01000000
01000000
01000001
01000001
01000001
01000001
01000001
01000010
01000010
01000010
01000010
01000010
01000011
01000011
01000011
01000011
01000011
01000100
01000100
01000100
01000100
01000100
01000101
01000101
01000101
01000101
01000101
01000110
01000110
01000110
01000110
01000110
01000111
01000111
01000111
01000111
01000111
01000111
01001000
01001000
01001000
01001000
01001000
01001001
01001001
01001001
01001001
01001001
01001010
01001010
01001010
01001010
01001010
01001011
01001011
01001011
01001011
01001011
01001100
01001100
01001100
01001100
01001100
01001101
01001101
01001101
01001101
01001101
01001110
01001110
01001110
01001110
01001110
01001110
01001111
01001111
01001111
01001111
01001111
01010000
01010000
01010000
01010000
01010000
01010001
01010001
01010001
01010001
01010001
01010010
01010010
01010010
01010010
01010010
01010010
01010011
01010011
01010011
01010011
01010011
01010100
01010100
01010100
01010100
01010100
01010101
01010101
01010101
01010101
01010101
01010101
01010110
01010110
01010110
01010110
01010110
01010111
01010111
01010111
01010111
01010111
01010111
01011000
01011000
01011000
01011000
01011000
01011001
01011001
01011001
01011001
01011001
01011001
01011010
01011010
01011010
01011010
01011010
01011011
01011011
01011011
01011011
01011011
01011011
01011100
01011100
01011100
01011100
01011100
01011100
01011101
01011101
01011101
01011101
01011101
01011110
01011110
01011110
01011110
01011110
01011110
01011111
01011111
01011111
01011111
01011111
01011111
01100000
01100000
01100000
01100000
01100000
01100000
01100001
01100001
01100001
01100001
01100001
01100001
01100010
01100010
01100010
01100010
01100010
01100010
01100011
01100011
01100011
01100011
01100011
01100011
01100100
01100100
01100100
01100100
01100100
01100100
01100101
01100101
01100101
01100101
01100101
01100101
01100110
01100110
01100110
01100110
01100110
01100110
01100110
01100111
01100111
01100111
01100111
01100111
01100111
01101000
01101000
01101000
01101000
01101000
01101000
01101001
01101001
01101001
01101001
01101001
01101001
01101001
01101010
01101010
01101010
01101010
01101010
01101010
01101010
01101011
01101011
01101011
01101011
01101011
01101011
01101011
01101100
01101100
01101100
01101100
01101100
01101100
01101100
01101101
01101101
01101101
01101101
01101101
01101101
01101101
01101110
01101110
01101110
01101110
01101110
01101110
01101110
01101111
01101111
01101111
01101111
01101111
01101111
01101111
01101111
01110000
01110000
01110000
01110000
01110000
01110000
01110000
01110001
01110001
01110001
01110001
01110001
01110001
01110001
01110001
01110010
01110010
01110010
01110010
01110010
01110010
01110010
01110010
01110011
01110011
01110011
01110011
01110011
01110011
01110011
01110011
01110011
01110100
01110100
01110100
01110100
01110100
01110100
01110100
01110100
01110100
01110101
01110101
01110101
01110101
01110101
01110101
01110101
01110101
01110101
01110110
01110110
01110110
01110110
01110110
01110110
01110110
01110110
01110110
01110111
01110111
01110111
01110111
01110111
01110111
01110111
01110111
01110111
01110111
01111000
01111000
01111000
01111000
01111000
01111000
01111000
01111000
01111000
01111000
01111000
01111001
01111001
01111001
01111001
01111001
01111001
01111001
01111001
01111001
01111001
01111001
01111010
01111010
01111010
01111010
01111010
01111010
01111010
01111010
01111010
01111010
01111010
01111010
01111011
01111011
01111011
01111011
01111011
01111011
01111011
01111011
01111011
01111011
01111011
01111011
01111011
01111100
01111100
01111100
01111100
01111100
01111100
01111100
01111100
01111100
01111100
01111100
01111100
01111100
01111100
01111100
01111101
01111101
01111101
01111101
01111101
01111101
01111101
01111101
01111101
01111101
01111101
01111101
01111101
01111101
01111101
01111101
01111101
01111110
01111110
01111110
01111110
01111110
01111110
01111110
01111110
01111110
01111110
01111110
01111110
01111110
01111110
01111110
01111110
01111110
01111110
01111110
01111110
01111111
01111111
01111111
01111111
01111111
01111111
01111111
01111111
01111111
01111111
01111111
01111111
01111111
01111111
01111111
01111111
01111111
01111111
01111111
01111111
01111111
01111111
01111111
01111111
01111111
01111111
01111111
01111111
01111111
01111111
10000000
10000000
10000000
10000000
10000000
10000000
10000000
10000000
10000000
10000000
10000000
10000000
10000000
10000000
10000000
10000000
10000000
10000000
10000000
10000000
10000000
10000000
10000000
10000000
10000000
10000000
10000000
10000000
10000000
10000000
10000000
10000000
10000000
10000000
10000000
10000000
10000000
10000000
10000000
10000000
10000000
10000000
10000000
10000000
10000000
10000000
10000000
10000000
10000000
10000000
10000000
10000000
10000000
10000000
10000000
10000000
10000000
10000000
10000000
10000000
10000000
10000000
10000000
10000000
10000000
10000000
10000000
10000000
10000000
10000000
10000000
10000000
10000000
10000000
10000000
10000000
10000000
10000000
10000000
10000000
10000000
10000000
01111111
01111111
01111111
01111111
01111111
01111111
01111111
01111111
01111111
01111111
01111111
01111111
01111111
01111111
01111111
01111111
01111111
01111111
01111111
01111111
01111111
01111111
01111111
01111111
01111111
01111111
01111111
01111111
01111111
01111111
01111110
01111110
01111110
01111110
01111110
01111110
01111110
01111110
01111110
01111110
01111110
01111110
01111110
01111110
01111110
01111110
01111110
01111110
01111110
01111110
01111101
01111101
01111101
01111101
01111101
01111101
01111101
01111101
01111101
01111101
01111101
01111101
01111101
01111101
01111101
01111101
01111101
01111100
01111100
01111100
01111100
01111100
01111100
01111100
01111100
01111100
01111100
01111100
01111100
01111100
01111100
01111100
01111011
01111011
01111011
01111011
01111011
01111011
01111011
01111011
01111011
01111011
01111011
01111011
01111011
01111010
01111010
01111010
01111010
01111010
01111010
01111010
01111010
01111010
01111010
01111010
01111010
01111001
01111001
01111001
01111001
01111001
01111001
01111001
01111001
01111001
01111001
01111001
01111000
01111000
01111000
01111000
01111000
01111000
01111000
01111000
01111000
01111000
01111000
01110111
01110111
01110111
01110111
01110111
01110111
01110111
01110111
01110111
01110111
01110110
01110110
01110110
01110110
01110110
01110110
01110110
01110110
01110110
01110101
01110101
01110101
01110101
01110101
01110101
01110101
01110101
01110101
01110100
01110100
01110100
01110100
01110100
01110100
01110100
01110100
01110100
01110011
01110011
01110011
01110011
01110011
01110011
01110011
01110011
01110011
01110010
01110010
01110010
01110010
01110010
01110010
01110010
01110010
01110001
01110001
01110001
01110001
01110001
01110001
01110001
01110001
01110000
01110000
01110000
01110000
01110000
01110000
01110000
01101111
01101111
01101111
01101111
01101111
01101111
01101111
01101111
01101110
01101110
01101110
01101110
01101110
01101110
01101110
01101101
01101101
01101101
01101101
01101101
01101101
01101101
01101100
01101100
01101100
01101100
01101100
01101100
01101100
01101011
01101011
01101011
01101011
01101011
01101011
01101011
01101010
01101010
01101010
01101010
01101010
01101010
01101010
01101001
01101001
01101001
01101001
01101001
01101001
01101001
01101000
01101000
01101000
01101000
01101000
01101000
01100111
01100111
01100111
01100111
01100111
01100111
01100110
01100110
01100110
01100110
01100110
01100110
01100110
01100101
01100101
01100101
01100101
01100101
01100101
01100100
01100100
01100100
01100100
01100100
01100100
01100011
01100011
01100011
01100011
01100011
01100011
01100010
01100010
01100010
01100010
01100010
01100010
01100001
01100001
01100001
01100001
01100001
01100001
01100000
01100000
01100000
01100000
01100000
01100000
01011111
01011111
01011111
01011111
01011111
01011111
01011110
01011110
01011110
01011110
01011110
01011110
01011101
01011101
01011101
01011101
01011101
01011100
01011100
01011100
01011100
01011100
01011100
01011011
01011011
01011011
01011011
01011011
01011011
01011010
01011010
01011010
01011010
01011010
01011001
01011001
01011001
01011001
01011001
01011001
01011000
01011000
01011000
01011000
01011000
01010111
01010111
01010111
01010111
01010111
01010111
01010110
01010110
01010110
01010110
01010110
01010101
01010101
01010101
01010101
01010101
01010101
01010100
01010100
01010100
01010100
01010100
01010011
01010011
01010011
01010011
01010011
01010010
01010010
01010010
01010010
01010010
01010010
01010001
01010001
01010001
01010001
01010001
01010000
01010000
01010000
01010000
01010000
01001111
01001111
01001111
01001111
01001111
01001110
01001110
01001110
01001110
01001110
01001110
01001101
01001101
01001101
01001101
01001101
01001100
01001100
01001100
01001100
01001100
01001011
01001011
01001011
01001011
01001011
01001010
01001010
01001010
01001010
01001010
01001001
01001001
01001001
01001001
01001001
01001000
01001000
01001000
01001000
01001000
01000111
01000111
01000111
01000111
01000111
01000111
01000110
01000110
01000110
01000110
01000110
01000101
01000101
01000101
01000101
01000101
01000100
01000100
01000100
01000100
01000100
01000011
01000011
01000011
01000011
01000011
01000010
01000010
01000010
01000010
01000010
01000001
01000001
01000001
01000001
01000001
01000000
01000000
01000000
01000000
01000000
00111111
00111111
00111111
00111111
00111111
00111110
00111110
00111110
00111110
00111110
00111101
00111101
00111101
00111101
00111101
00111101
00111100
00111100
00111100
00111100
00111100
00111011
00111011
00111011
00111011
00111011
00111010
00111010
00111010
00111010
00111010
00111001
00111001
00111001
00111001
00111001
00111000
00111000
00111000
00111000
00111000
00110111
00110111
00110111
00110111
00110111
00110110
00110110
00110110
00110110
00110110
00110101
00110101
00110101
00110101
00110101
00110101
00110100
00110100
00110100
00110100
00110100
00110011
00110011
00110011
00110011
00110011
00110010
00110010
00110010
00110010
00110010
00110001
00110001
00110001
00110001
00110001
00110000
00110000
00110000
00110000
00110000
00110000
00101111
00101111
00101111
00101111
00101111
00101110
00101110
00101110
00101110
00101110
00101101
00101101
00101101
00101101
00101101
00101101
00101100
00101100
00101100
00101100
00101100
00101011
00101011
00101011
00101011
00101011
00101010
00101010
00101010
00101010
00101010
00101010
00101001
00101001
00101001
00101001
00101001
00101000
00101000
00101000
00101000
00101000
00101000
00100111
00100111
00100111
00100111
00100111
00100110
00100110
00100110
00100110
00100110
00100110
00100101
00100101
00100101
00100101
00100101
00100100
00100100
00100100
00100100
00100100
00100100
00100011
00100011
00100011
00100011
00100011
00100011
00100010
00100010
00100010
00100010
00100010
00100010
00100001
00100001
00100001
00100001
00100001
00100000
00100000
00100000
00100000
00100000
00100000
00011111
00011111
00011111
00011111
00011111
00011111
00011110
00011110
00011110
00011110
00011110
00011110
00011101
00011101
00011101
00011101
00011101
00011101
00011100
00011100
00011100
00011100
00011100
00011100
00011011
00011011
00011011
00011011
00011011
00011011
00011011
00011010
00011010
00011010
00011010
00011010
00011010
00011001
00011001
00011001
00011001
00011001
00011001
00011000
00011000
00011000
00011000
00011000
00011000
00011000
00010111
00010111
00010111
00010111
00010111
00010111
00010111
00010110
00010110
00010110
00010110
00010110
00010110
00010101
00010101
00010101
00010101
00010101
00010101
00010101
00010100
00010100
00010100
00010100
00010100
00010100
00010100
00010011
00010011
00010011
00010011
00010011
00010011
00010011
00010010
00010010
00010010
00010010
00010010
00010010
00010010
00010010
00010001
00010001
00010001
00010001
00010001
00010001
00010001
00010000
00010000
00010000
00010000
00010000
00010000
00010000
00010000
00001111
00001111
00001111
00001111
00001111
00001111
00001111
00001111
00001110
00001110
00001110
00001110
00001110
00001110
00001110
00001110
00001101
00001101
00001101
00001101
00001101
00001101
00001101
00001101
00001100
00001100
00001100
00001100
00001100
00001100
00001100
00001100
00001100
00001011
00001011
00001011
00001011
00001011
00001011
00001011
00001011
00001011
00001010
00001010
00001010
00001010
00001010
00001010
00001010
00001010
00001010
00001010
00001001
00001001
00001001
00001001
00001001
00001001
00001001
00001001
00001001
00001001
00001000
00001000
00001000
00001000
00001000
00001000
00001000
00001000
00001000
00001000
00000111
00000111
00000111
00000111
00000111
00000111
00000111
00000111
00000111
00000111
00000111
00000110
00000110
00000110
00000110
00000110
00000110
00000110
00000110
00000110
00000110
00000110
00000110
00000101
00000101
00000101
00000101
00000101
00000101
00000101
00000101
00000101
00000101
00000101
00000101
00000101
00000101
00000100
00000100
00000100
00000100
00000100
00000100
00000100
00000100
00000100
00000100
00000100
00000100
00000100
00000100
00000011
00000011
00000011
00000011
00000011
00000011
00000011
00000011
00000011
00000011
00000011
00000011
00000011
00000011
00000011
00000011
00000011
00000010
00000010
00000010
00000010
00000010
00000010
00000010
00000010
00000010
00000010
00000010
00000010
00000010
00000010
00000010
00000010
00000010
00000010
00000010
00000010
00000010
00000001
00000001
00000001
00000001
00000001
00000001
00000001
00000001
00000001
00000001
00000001
00000001
00000001
00000001
00000001
00000001
00000001
00000001
00000001
00000001
00000001
00000001
00000001
00000001
00000001
00000001
00000001
00000001
00000001
00000001
00000000
00000000
00000000
00000000
00000000
00000000
00000000
00000000
00000000
00000000
00000000
00000000
00000000
00000000
00000000
00000000
00000000
00000000
00000000
00000000
00000000
00000000
00000000
00000000
00000000
00000000
00000000
00000000
00000000
00000000
00000000
00000000
00000000
00000000
00000000
00000000
00000000
00000000
00000000
00000000
00000000
